25.000000,33.000000,2.061417,0.015054,200
  0.0250000        0.4913761
  0.0750000        0.5111953
  0.1250000        0.5304789
  0.1750000        0.5152293
  0.2250000        0.5330428
  0.2750000        0.5192942
  0.3250000        0.5372913
  0.3750000        0.5369477
  0.4250000        0.5393759
  0.4750000        0.5467379
  0.5250000        0.5565826
  0.5750000        0.5626365
  0.6250000        0.5631461
  0.6750000        0.5718382
  0.7250000        0.5567403
  0.7750000        0.5779550
  0.8250000        0.5663878
  0.8750000        0.5731752
  0.9250000        0.5867896
  0.9750000        0.5976051
  1.0250000        0.6003810
  1.0750000        0.5982342
  1.1250000        0.6152125
  1.1750000        0.6227678
  1.2250000        0.6022140
  1.2750000        0.6181072
  1.3250000        0.6356646
  1.3750000        0.6387861
  1.4250000        0.6175168
  1.4750000        0.6344649
  1.5250000        0.6255556
  1.5750000        0.6278124
  1.6250000        0.6400591
  1.6750000        0.6494769
  1.7250000        0.6478103
  1.7750000        0.6353244
  1.8250000        0.6446281
  1.8750000        0.6556315
  1.9250000        0.6595511
  1.9750000        0.6528190
  2.0250000        0.6564688
  2.0750000        0.6632238
  2.1250000        0.6798704
  2.1750000        0.6690592
  2.2250000        0.6638314
  2.2750000        0.6639943
  2.3250000        0.6728556
  2.3750000        0.6656649
  2.4250000        0.6800458
  2.4750000        0.6724457
  2.5250000        0.6713766
  2.5750000        0.6645184
  2.6250000        0.6696101
  2.6750000        0.6638749
  2.7250000        0.6488805
  2.7750000        0.6723419
  2.8250000        0.6686456
  2.8750000        0.6641135
  2.9250000        0.6425672
  2.9750000        0.6605206
  3.0250000        0.6569832
  3.0750000        0.6740768
  3.1250000        0.6644951
  3.1750000        0.6504570
  3.2250000        0.6584828
  3.2750000        0.6474875
  3.3250000        0.6330176
  3.3750000        0.6153002
  3.4250000        0.6299270
  3.4750000        0.6432532
  3.5250000        0.6182357
  3.5750000        0.6132076
  3.6250000        0.6271314
  3.6750000        0.6335614
  3.7250000        0.6295338
  3.7750000        0.6166850
  3.8250000        0.6190474
  3.8750000        0.6082434
  3.9250000        0.5844683
  3.9750000        0.5925517
  4.0250000        0.5762582
  4.0750000        0.5908587
  4.1250000        0.5876845
  4.1750000        0.5810712
  4.2250000        0.5690753
  4.2750000        0.5828444
  4.3250000        0.5460008
  4.3750000        0.5726809
  4.4250000        0.5465288
  4.4750000        0.5414565
  4.5250000        0.5380711
  4.5750000        0.5350717
  4.6250000        0.5334592
  4.6750000        0.5319769
  4.7250000        0.5195660
  4.7750000        0.5011288
  4.8250000        0.5050809
  4.8750000        0.5085057
  4.9250000        0.4921902
  4.9750000        0.4946475
  5.0250000        0.4894316
  5.0750000        0.4814140
  5.1250000        0.4705203
  5.1750000        0.4694396
  5.2250000        0.4719914
  5.2750000        0.4424879
  5.3250000        0.4335586
  5.3750000        0.4667158
  5.4250000        0.4514307
  5.4750000        0.4265086
  5.5250000        0.4373109
  5.5750000        0.4443234
  5.6250000        0.4276517
  5.6750000        0.4248050
  5.7250000        0.4182482
  5.7750000        0.4069507
  5.8250000        0.4105810
  5.8750000        0.4071220
  5.9250000        0.4104883
  5.9750000        0.4145788
  6.0250000        0.3872980
  6.0750000        0.4013656
  6.1250000        0.3928309
  6.1750000        0.3857089
  6.2250000        0.3831263
  6.2750000        0.3797422
  6.3250000        0.3669757
  6.3750000        0.3787026
  6.4250000        0.3551403
  6.4750000        0.3520811
  6.5250000        0.3544791
  6.5750000        0.3620502
  6.6250000        0.3499459
  6.6750000        0.3578251
  6.7250000        0.3462533
  6.7750000        0.3390137
  6.8250000        0.3380386
  6.8750000        0.3460132
  6.9250000        0.3383930
  6.9750000        0.3381240
  7.0250000        0.3304124
  7.0750000        0.3164884
  7.1250000        0.3432432
  7.1750000        0.3528369
  7.2250000        0.3522518
  7.2750000        0.3398981
  7.3250000        0.3339498
  7.3750000        0.3519016
  7.4250000        0.3313609
  7.4750000        0.3458756
  7.5250000        0.3400448
  7.5750000        0.3369148
  7.6250000        0.3521991
  7.6750000        0.3397988
  7.7250000        0.3559567
  7.7750000        0.3585746
  7.8250000        0.3633356
  7.8750000        0.3429089
  7.9250000        0.3634370
  7.9750000        0.3608481
  8.0250000        0.3682854
  8.0750000        0.3692931
  8.1250000        0.3488638
  8.1750000        0.3615696
  8.2250000        0.3636365
  8.2750000        0.3824417
  8.3250000        0.3652870
  8.3750000        0.3708118
  8.4250000        0.4002247
  8.4750000        0.3795161
  8.5250000        0.3688109
  8.5750000        0.3768219
  8.6250000        0.3927125
  8.6750000        0.4051204
  8.7250000        0.3904691
  8.7750000        0.3887871
  8.8250000        0.4010799
  8.8750000        0.3959107
  8.9250000        0.4020811
  8.9750000        0.4090231
  9.0250000        0.4082170
  9.0750000        0.4156648
  9.1250000        0.4102004
  9.1750000        0.4309775
  9.2250000        0.4172427
  9.2750000        0.4219379
  9.3250000        0.4346210
  9.3750000        0.4518626
  9.4250000        0.4539427
  9.4750000        0.4631268
  9.5250000        0.4419973
  9.5750000        0.4592959
  9.6250000        0.4569160
  9.6750000        0.4610909
  9.7250000        0.4536967
  9.7750000        0.4724412
  9.8250000        0.4777371
  9.8750000        0.4808743
  9.9250000        0.4977678
  9.9750000        0.4954648
25.000000,34.000000,2.157921,0.112138,200
  0.0250000        0.3664920
  0.0750000        0.3763323
  0.1250000        0.3774133
  0.1750000        0.3958020
  0.2250000        0.4117865
  0.2750000        0.4118085
  0.3250000        0.4058453
  0.3750000        0.4242990
  0.4250000        0.4226540
  0.4750000        0.4283175
  0.5250000        0.4401933
  0.5750000        0.4646579
  0.6250000        0.4546121
  0.6750000        0.4625001
  0.7250000        0.4807397
  0.7750000        0.4860902
  0.8250000        0.4910579
  0.8750000        0.5089059
  0.9250000        0.5171244
  0.9750000        0.5147540
  1.0250000        0.5284582
  1.0750000        0.5354033
  1.1250000        0.5650092
  1.1750000        0.5729313
  1.2250000        0.5785156
  1.2750000        0.5798319
  1.3250000        0.5744605
  1.3750000        0.5914879
  1.4250000        0.6041512
  1.4750000        0.6003051
  1.5250000        0.6268437
  1.5750000        0.6432938
  1.6250000        0.6301115
  1.6750000        0.6485094
  1.7250000        0.6282984
  1.7750000        0.6482107
  1.8250000        0.6526704
  1.8750000        0.6453903
  1.9250000        0.6648290
  1.9750000        0.6656649
  2.0250000        0.6769463
  2.0750000        0.6772130
  2.1250000        0.6751232
  2.1750000        0.6813710
  2.2250000        0.6863319
  2.2750000        0.6970254
  2.3250000        0.6896428
  2.3750000        0.7084709
  2.4250000        0.7032306
  2.4750000        0.7189470
  2.5250000        0.7150438
  2.5750000        0.7086239
  2.6250000        0.7130992
  2.6750000        0.7178345
  2.7250000        0.7260577
  2.7750000        0.7382743
  2.8250000        0.7276424
  2.8750000        0.7278836
  2.9250000        0.7305717
  2.9750000        0.7442972
  3.0250000        0.7374773
  3.0750000        0.7428468
  3.1250000        0.7479144
  3.1750000        0.7241380
  3.2250000        0.7436929
  3.2750000        0.7452136
  3.3250000        0.7318296
  3.3750000        0.7533986
  3.4250000        0.7344800
  3.4750000        0.7414939
  3.5250000        0.7465979
  3.5750000        0.7397867
  3.6250000        0.7448147
  3.6750000        0.7495251
  3.7250000        0.7486763
  3.7750000        0.7548797
  3.8250000        0.7538459
  3.8750000        0.7417405
  3.9250000        0.7473725
  3.9750000        0.7290370
  4.0250000        0.7535369
  4.0750000        0.7571530
  4.1250000        0.7285714
  4.1750000        0.7149153
  4.2250000        0.7379463
  4.2750000        0.7529029
  4.3250000        0.7391792
  4.3750000        0.7421501
  4.4250000        0.7354159
  4.4750000        0.7446019
  4.5250000        0.7259800
  4.5750000        0.7212571
  4.6250000        0.7090120
  4.6750000        0.7239489
  4.7250000        0.7079614
  4.7750000        0.7103175
  4.8250000        0.7069992
  4.8750000        0.6946651
  4.9250000        0.6768383
  4.9750000        0.6735447
  5.0250000        0.6675192
  5.0750000        0.6710767
  5.1250000        0.6466591
  5.1750000        0.6572280
  5.2250000        0.6339384
  5.2750000        0.6425339
  5.3250000        0.6202627
  5.3750000        0.6052632
  5.4250000        0.6093693
  5.4750000        0.6064375
  5.5250000        0.5844748
  5.5750000        0.5814648
  5.6250000        0.5859780
  5.6750000        0.5645578
  5.7250000        0.5430656
  5.7750000        0.5504898
  5.8250000        0.5092625
  5.8750000        0.5300299
  5.9250000        0.5371687
  5.9750000        0.5132711
  6.0250000        0.5003741
  6.0750000        0.5000000
  6.1250000        0.4682424
  6.1750000        0.4661237
  6.2250000        0.4575491
  6.2750000        0.4222961
  6.3250000        0.4267515
  6.3750000        0.4225615
  6.4250000        0.4103320
  6.4750000        0.4048059
  6.5250000        0.4023072
  6.5750000        0.3859393
  6.6250000        0.3717009
  6.6750000        0.3842944
  6.7250000        0.3607815
  6.7750000        0.3489453
  6.8250000        0.3369484
  6.8750000        0.3411849
  6.9250000        0.3107407
  6.9750000        0.3185809
  7.0250000        0.3228318
  7.0750000        0.2940508
  7.1250000        0.2863884
  7.1750000        0.2975842
  7.2250000        0.2707874
  7.2750000        0.2632760
  7.3250000        0.2725578
  7.3750000        0.2780974
  7.4250000        0.2535159
  7.4750000        0.2479098
  7.5250000        0.2614168
  7.5750000        0.2368613
  7.6250000        0.2482348
  7.6750000        0.2356963
  7.7250000        0.2262721
  7.7750000        0.2304819
  7.8250000        0.2345302
  7.8750000        0.2283724
  7.9250000        0.2214715
  7.9750000        0.2219350
  8.0250000        0.2291823
  8.0750000        0.2301441
  8.1250000        0.2243126
  8.1750000        0.2083482
  8.2250000        0.2187841
  8.2750000        0.2088398
  8.3250000        0.2108544
  8.3750000        0.2196122
  8.4250000        0.2207308
  8.4750000        0.2421734
  8.5250000        0.2247557
  8.5750000        0.2153038
  8.6250000        0.2131519
  8.6750000        0.2208955
  8.7250000        0.2300146
  8.7750000        0.2367466
  8.8250000        0.2262986
  8.8750000        0.2436456
  8.9250000        0.2467289
  8.9750000        0.2473433
  9.0250000        0.2526316
  9.0750000        0.2575482
  9.1250000        0.2568946
  9.1750000        0.2639829
  9.2250000        0.2656651
  9.2750000        0.2636060
  9.3250000        0.2754361
  9.3750000        0.2770677
  9.4250000        0.2668413
  9.4750000        0.2939428
  9.5250000        0.3104325
  9.5750000        0.3039178
  9.6250000        0.3173831
  9.6750000        0.3097885
  9.7250000        0.3252788
  9.7750000        0.3294074
  9.8250000        0.3376973
  9.8750000        0.3446792
  9.9250000        0.3627306
  9.9750000        0.3559003
25.000000,35.000000,2.710347,0.084005,200
  0.0250000        0.5473725
  0.0750000        0.5550113
  0.1250000        0.6101258
  0.1750000        0.6119513
  0.2250000        0.6161654
  0.2750000        0.6418428
  0.3250000        0.6717529
  0.3750000        0.6958781
  0.4250000        0.7185969
  0.4750000        0.7175101
  0.5250000        0.7393579
  0.5750000        0.7462248
  0.6250000        0.7610084
  0.6750000        0.7666055
  0.7250000        0.7971335
  0.7750000        0.7943611
  0.8250000        0.8021739
  0.8750000        0.8303807
  0.9250000        0.8230024
  0.9750000        0.8312568
  1.0250000        0.8348590
  1.0750000        0.8614815
  1.1250000        0.8559701
  1.1750000        0.8583145
  1.2250000        0.8667662
  1.2750000        0.8774918
  1.3250000        0.8683352
  1.3750000        0.8771075
  1.4250000        0.8816268
  1.4750000        0.8860805
  1.5250000        0.8804783
  1.5750000        0.8821796
  1.6250000        0.8848840
  1.6750000        0.8966398
  1.7250000        0.8975383
  1.7750000        0.8990158
  1.8250000        0.8848553
  1.8750000        0.8928959
  1.9250000        0.8970586
  1.9750000        0.8997040
  2.0250000        0.8836619
  2.0750000        0.8973879
  2.1250000        0.9047621
  2.1750000        0.9044040
  2.2250000        0.8897780
  2.2750000        0.8917716
  2.3250000        0.9000000
  2.3750000        0.8944423
  2.4250000        0.9011269
  2.4750000        0.8902785
  2.5250000        0.8898985
  2.5750000        0.8955008
  2.6250000        0.9011754
  2.6750000        0.8863135
  2.7250000        0.9000361
  2.7750000        0.8830148
  2.8250000        0.8862475
  2.8750000        0.8788320
  2.9250000        0.8903741
  2.9750000        0.8771410
  3.0250000        0.8789176
  3.0750000        0.8742160
  3.1250000        0.8756979
  3.1750000        0.8523177
  3.2250000        0.8593752
  3.2750000        0.8565665
  3.3250000        0.8418162
  3.3750000        0.8534357
  3.4250000        0.8417999
  3.4750000        0.8273460
  3.5250000        0.8208335
  3.5750000        0.8291305
  3.6250000        0.8262492
  3.6750000        0.8157204
  3.7250000        0.8108405
  3.7750000        0.7957418
  3.8250000        0.7943110
  3.8750000        0.7927190
  3.9250000        0.7798902
  3.9750000        0.7696568
  4.0250000        0.7622018
  4.0750000        0.7565789
  4.1250000        0.7487922
  4.1750000        0.7235711
  4.2250000        0.7267946
  4.2750000        0.7067060
  4.3250000        0.6898663
  4.3750000        0.6814061
  4.4250000        0.6764934
  4.4750000        0.6483724
  4.5250000        0.6296433
  4.5750000        0.6123534
  4.6250000        0.6230365
  4.6750000        0.5876477
  4.7250000        0.5579065
  4.7750000        0.5736404
  4.8250000        0.5357408
  4.8750000        0.5091186
  4.9250000        0.5199090
  4.9750000        0.4948997
  5.0250000        0.4719970
  5.0750000        0.4624659
  5.1250000        0.4428044
  5.1750000        0.4304783
  5.2250000        0.4125462
  5.2750000        0.3883861
  5.3250000        0.3750481
  5.3750000        0.3617570
  5.4250000        0.3527076
  5.4750000        0.3178681
  5.5250000        0.3112458
  5.5750000        0.3040590
  5.6250000        0.2863724
  5.6750000        0.2852423
  5.7250000        0.2664461
  5.7750000        0.2632364
  5.8250000        0.2409414
  5.8750000        0.2244665
  5.9250000        0.2145691
  5.9750000        0.2174888
  6.0250000        0.1896046
  6.0750000        0.1903335
  6.1250000        0.1845751
  6.1750000        0.1729571
  6.2250000        0.1613026
  6.2750000        0.1484574
  6.3250000        0.1460550
  6.3750000        0.1495153
  6.4250000        0.1310998
  6.4750000        0.1361954
  6.5250000        0.1170569
  6.5750000        0.1223826
  6.6250000        0.1207643
  6.6750000        0.1131019
  6.7250000        0.1191166
  6.7750000        0.1053591
  6.8250000        0.1086088
  6.8750000        0.0994953
  6.9250000        0.1034611
  6.9750000        0.1081694
  7.0250000        0.0923415
  7.0750000        0.0997414
  7.1250000        0.0784665
  7.1750000        0.0919092
  7.2250000        0.0974097
  7.2750000        0.0910781
  7.3250000        0.0983957
  7.3750000        0.1026549
  7.4250000        0.0960652
  7.4750000        0.0858643
  7.5250000        0.1039252
  7.5750000        0.0981921
  7.6250000        0.0949555
  7.6750000        0.1119403
  7.7250000        0.0968241
  7.7750000        0.1067642
  7.8250000        0.0905797
  7.8750000        0.0971572
  7.9250000        0.0998553
  7.9750000        0.1036384
  8.0250000        0.1116262
  8.0750000        0.1017765
  8.1250000        0.1099554
  8.1750000        0.1039912
  8.2250000        0.1139693
  8.2750000        0.1235832
  8.3250000        0.1213222
  8.3750000        0.1185874
  8.4250000        0.1160521
  8.4750000        0.1368421
  8.5250000        0.1279638
  8.5750000        0.1241806
  8.6250000        0.1394052
  8.6750000        0.1400225
  8.7250000        0.1430706
  8.7750000        0.1446840
  8.8250000        0.1721252
  8.8750000        0.1666667
  8.9250000        0.1861393
  8.9750000        0.1825009
  9.0250000        0.2049483
  9.0750000        0.1882443
  9.1250000        0.2300624
  9.1750000        0.2528608
  9.2250000        0.2555720
  9.2750000        0.2877643
  9.3250000        0.2782379
  9.3750000        0.3127384
  9.4250000        0.3190863
  9.4750000        0.3245058
  9.5250000        0.3396790
  9.5750000        0.3692481
  9.6250000        0.3945327
  9.6750000        0.4076269
  9.7250000        0.4071785
  9.7750000        0.4453332
  9.8250000        0.4709526
  9.8750000        0.4786518
  9.9250000        0.5009900
  9.9750000        0.5021835
25.000000,36.000000,3.115277,0.140492,200
  0.0250000        0.5203692
  0.0750000        0.5452788
  0.1250000        0.5557567
  0.1750000        0.5812845
  0.2250000        0.6013799
  0.2750000        0.6196596
  0.3250000        0.6525838
  0.3750000        0.6721752
  0.4250000        0.6796670
  0.4750000        0.7037037
  0.5250000        0.7211537
  0.5750000        0.7444321
  0.6250000        0.7615126
  0.6750000        0.7783544
  0.7250000        0.7925870
  0.7750000        0.8004458
  0.8250000        0.8056927
  0.8750000        0.8303350
  0.9250000        0.8365963
  0.9750000        0.8367271
  1.0250000        0.8575228
  1.0750000        0.8602603
  1.1250000        0.8673141
  1.1750000        0.8831359
  1.2250000        0.8838922
  1.2750000        0.8805803
  1.3250000        0.8998892
  1.3750000        0.8982300
  1.4250000        0.8991377
  1.4750000        0.9096751
  1.5250000        0.9102130
  1.5750000        0.9154175
  1.6250000        0.9160502
  1.6750000        0.9226821
  1.7250000        0.9246574
  1.7750000        0.9340007
  1.8250000        0.9245214
  1.8750000        0.9312838
  1.9250000        0.9386656
  1.9750000        0.9341801
  2.0250000        0.9401111
  2.0750000        0.9438883
  2.1250000        0.9415794
  2.1750000        0.9427200
  2.2250000        0.9524787
  2.2750000        0.9466572
  2.3250000        0.9490400
  2.3750000        0.9439183
  2.4250000        0.9431281
  2.4750000        0.9428468
  2.5250000        0.9455535
  2.5750000        0.9514815
  2.6250000        0.9491026
  2.6750000        0.9408974
  2.7250000        0.9518341
  2.7750000        0.9519476
  2.8250000        0.9530739
  2.8750000        0.9552991
  2.9250000        0.9506482
  2.9750000        0.9453515
  3.0250000        0.9471984
  3.0750000        0.9507895
  3.1250000        0.9407797
  3.1750000        0.9390112
  3.2250000        0.9453813
  3.2750000        0.9413265
  3.3250000        0.9438573
  3.3750000        0.9321721
  3.4250000        0.9315217
  3.4750000        0.9364906
  3.5250000        0.9326084
  3.5750000        0.9265747
  3.6250000        0.9194680
  3.6750000        0.9148628
  3.7250000        0.9088952
  3.7750000        0.9173680
  3.8250000        0.9043984
  3.8750000        0.8973511
  3.9250000        0.8800863
  3.9750000        0.8721578
  4.0250000        0.8772694
  4.0750000        0.8705038
  4.1250000        0.8429691
  4.1750000        0.8487733
  4.2250000        0.8085343
  4.2750000        0.8012678
  4.3250000        0.7868423
  4.3750000        0.7769404
  4.4250000        0.7670975
  4.4750000        0.7177210
  4.5250000        0.7078360
  4.5750000        0.6873368
  4.6250000        0.6940622
  4.6750000        0.6495006
  4.7250000        0.6083889
  4.7750000        0.6061294
  4.8250000        0.5785370
  4.8750000        0.5394034
  4.9250000        0.5241463
  4.9750000        0.5194705
  5.0250000        0.4718633
  5.0750000        0.4484235
  5.1250000        0.4270100
  5.1750000        0.4064761
  5.2250000        0.4012000
  5.2750000        0.3473326
  5.3250000        0.3458788
  5.3750000        0.3407572
  5.4250000        0.2992096
  5.4750000        0.2906588
  5.5250000        0.2630769
  5.5750000        0.2735884
  5.6250000        0.2487309
  5.6750000        0.2204363
  5.7250000        0.2196709
  5.7750000        0.2045028
  5.8250000        0.1694230
  5.8750000        0.1959742
  5.9250000        0.1678478
  5.9750000        0.1579135
  6.0250000        0.1439449
  6.0750000        0.1433906
  6.1250000        0.1282147
  6.1750000        0.1099021
  6.2250000        0.1178390
  6.2750000        0.1107883
  6.3250000        0.1047335
  6.3750000        0.0945274
  6.4250000        0.0783376
  6.4750000        0.0901917
  6.5250000        0.0878403
  6.5750000        0.0807320
  6.6250000        0.0697591
  6.6750000        0.0695461
  6.7250000        0.0700474
  6.7750000        0.0722461
  6.8250000        0.0620240
  6.8750000        0.0606282
  6.9250000        0.0658376
  6.9750000        0.0575592
  7.0250000        0.0672331
  7.0750000        0.0562546
  7.1250000        0.0593658
  7.1750000        0.0568841
  7.2250000        0.0501262
  7.2750000        0.0587800
  7.3250000        0.0532183
  7.3750000        0.0443263
  7.4250000        0.0528712
  7.4750000        0.0525739
  7.5250000        0.0527489
  7.5750000        0.0553286
  7.6250000        0.0546429
  7.6750000        0.0532416
  7.7250000        0.0475668
  7.7750000        0.0505952
  7.8250000        0.0454210
  7.8750000        0.0535781
  7.9250000        0.0542148
  7.9750000        0.0525035
  8.0250000        0.0580504
  8.0750000        0.0599782
  8.1250000        0.0621302
  8.1750000        0.0669349
  8.2250000        0.0650551
  8.2750000        0.0611212
  8.3250000        0.0753275
  8.3750000        0.0690778
  8.4250000        0.0747318
  8.4750000        0.0753750
  8.5250000        0.0764573
  8.5750000        0.0758878
  8.6250000        0.0889468
  8.6750000        0.0934444
  8.7250000        0.1053795
  8.7750000        0.1053036
  8.8250000        0.1099825
  8.8750000        0.1093461
  8.9250000        0.1271528
  8.9750000        0.1334048
  9.0250000        0.1380356
  9.0750000        0.1542650
  9.1250000        0.1693762
  9.1750000        0.1745856
  9.2250000        0.1820560
  9.2750000        0.2002280
  9.3250000        0.2137776
  9.3750000        0.2306246
  9.4250000        0.2421209
  9.4750000        0.2733180
  9.5250000        0.2839551
  9.5750000        0.2948340
  9.6250000        0.3231187
  9.6750000        0.3508033
  9.7250000        0.3695404
  9.7750000        0.3873593
  9.8250000        0.4129860
  9.8750000        0.4356398
  9.9250000        0.4627212
  9.9750000        0.4747552
25.000000,37.000000,3.443729,0.090215,200
  0.0250000        0.5219382
  0.0750000        0.5564200
  0.1250000        0.5789891
  0.1750000        0.6299919
  0.2250000        0.6452717
  0.2750000        0.6703870
  0.3250000        0.7168379
  0.3750000        0.7149963
  0.4250000        0.7438177
  0.4750000        0.7844960
  0.5250000        0.7821059
  0.5750000        0.7937800
  0.6250000        0.8326120
  0.6750000        0.8466464
  0.7250000        0.8684211
  0.7750000        0.8773799
  0.8250000        0.8768034
  0.8750000        0.9008604
  0.9250000        0.9064115
  0.9750000        0.9088872
  1.0250000        0.9169374
  1.0750000        0.9292779
  1.1250000        0.9353323
  1.1750000        0.9363605
  1.2250000        0.9413439
  1.2750000        0.9453533
  1.3250000        0.9431010
  1.3750000        0.9527643
  1.4250000        0.9499471
  1.4750000        0.9516718
  1.5250000        0.9645886
  1.5750000        0.9583947
  1.6250000        0.9636839
  1.6750000        0.9601915
  1.7250000        0.9689894
  1.7750000        0.9642461
  1.8250000        0.9602008
  1.8750000        0.9626004
  1.9250000        0.9649893
  1.9750000        0.9666543
  2.0250000        0.9663896
  2.0750000        0.9655551
  2.1250000        0.9663203
  2.1750000        0.9677422
  2.2250000        0.9704927
  2.2750000        0.9645544
  2.3250000        0.9635629
  2.3750000        0.9604213
  2.4250000        0.9711361
  2.4750000        0.9738848
  2.5250000        0.9724338
  2.5750000        0.9636494
  2.6250000        0.9686149
  2.6750000        0.9701387
  2.7250000        0.9666664
  2.7750000        0.9650527
  2.8250000        0.9667609
  2.8750000        0.9742347
  2.9250000        0.9734850
  2.9750000        0.9577874
  3.0250000        0.9686245
  3.0750000        0.9606128
  3.1250000        0.9666664
  3.1750000        0.9744419
  3.2250000        0.9669422
  3.2750000        0.9628025
  3.3250000        0.9582276
  3.3750000        0.9660036
  3.4250000        0.9638987
  3.4750000        0.9511668
  3.5250000        0.9559840
  3.5750000        0.9506808
  3.6250000        0.9540723
  3.6750000        0.9466313
  3.7250000        0.9409508
  3.7750000        0.9394050
  3.8250000        0.9271226
  3.8750000        0.9233525
  3.9250000        0.9156370
  3.9750000        0.9080373
  4.0250000        0.9011931
  4.0750000        0.8953188
  4.1250000        0.8814511
  4.1750000        0.8763186
  4.2250000        0.8623406
  4.2750000        0.8405852
  4.3250000        0.8232916
  4.3750000        0.8118123
  4.4250000        0.7970259
  4.4750000        0.7817279
  4.5250000        0.7459109
  4.5750000        0.7319784
  4.6250000        0.7019267
  4.6750000        0.6754967
  4.7250000        0.6422513
  4.7750000        0.6073131
  4.8250000        0.5697942
  4.8750000        0.5298191
  4.9250000        0.5236463
  4.9750000        0.4738877
  5.0250000        0.4700113
  5.0750000        0.4222136
  5.1250000        0.3832022
  5.1750000        0.3837524
  5.2250000        0.3417143
  5.2750000        0.3157895
  5.3250000        0.2871795
  5.3750000        0.2458270
  5.4250000        0.2419175
  5.4750000        0.2103866
  5.5250000        0.1974399
  5.5750000        0.1812056
  5.6250000        0.1727375
  5.6750000        0.1408663
  5.7250000        0.1498310
  5.7750000        0.1268546
  5.8250000        0.1163663
  5.8750000        0.1084820
  5.9250000        0.0983001
  5.9750000        0.0893896
  6.0250000        0.0872031
  6.0750000        0.0778688
  6.1250000        0.0690033
  6.1750000        0.0749817
  6.2250000        0.0666424
  6.2750000        0.0619956
  6.3250000        0.0570571
  6.3750000        0.0561478
  6.4250000        0.0554307
  6.4750000        0.0461937
  6.5250000        0.0482733
  6.5750000        0.0413372
  6.6250000        0.0450055
  6.6750000        0.0394499
  6.7250000        0.0345078
  6.7750000        0.0441989
  6.8250000        0.0512258
  6.8750000        0.0381764
  6.9250000        0.0353063
  6.9750000        0.0378120
  7.0250000        0.0430186
  7.0750000        0.0414998
  7.1250000        0.0448578
  7.1750000        0.0436508
  7.2250000        0.0408163
  7.2750000        0.0425214
  7.3250000        0.0419402
  7.3750000        0.0392523
  7.4250000        0.0412811
  7.4750000        0.0382456
  7.5250000        0.0409630
  7.5750000        0.0395299
  7.6250000        0.0404412
  7.6750000        0.0479063
  7.7250000        0.0394456
  7.7750000        0.0316249
  7.8250000        0.0390831
  7.8750000        0.0371482
  7.9250000        0.0401667
  7.9750000        0.0377698
  8.0250000        0.0377289
  8.0750000        0.0350375
  8.1250000        0.0430622
  8.1750000        0.0329159
  8.2250000        0.0453401
  8.2750000        0.0340502
  8.3250000        0.0410367
  8.3750000        0.0422222
  8.4250000        0.0429687
  8.4750000        0.0398683
  8.5250000        0.0604127
  8.5750000        0.0503331
  8.6250000        0.0542235
  8.6750000        0.0616788
  8.7250000        0.0682310
  8.7750000        0.0688634
  8.8250000        0.0641495
  8.8750000        0.0812799
  8.9250000        0.0784820
  8.9750000        0.0937620
  9.0250000        0.1012793
  9.0750000        0.1027246
  9.1250000        0.1111922
  9.1750000        0.1246714
  9.2250000        0.1441948
  9.2750000        0.1509573
  9.3250000        0.1632048
  9.3750000        0.1773181
  9.4250000        0.2171582
  9.4750000        0.2112462
  9.5250000        0.2398482
  9.5750000        0.2654505
  9.6250000        0.2780524
  9.6750000        0.3148003
  9.7250000        0.3316366
  9.7750000        0.3627489
  9.8250000        0.4034350
  9.8750000        0.4375466
  9.9250000        0.4638529
  9.9750000        0.5003841
25.000000,38.000000,3.661195,0.154136,200
  0.0250000        0.5974940
  0.0750000        0.6090516
  0.1250000        0.6549295
  0.1750000        0.6872602
  0.2250000        0.7123338
  0.2750000        0.7393476
  0.3250000        0.7732190
  0.3750000        0.7930626
  0.4250000        0.8042976
  0.4750000        0.8318319
  0.5250000        0.8525783
  0.5750000        0.8653921
  0.6250000        0.8796297
  0.6750000        0.8859615
  0.7250000        0.9042792
  0.7750000        0.9037176
  0.8250000        0.9072354
  0.8750000        0.9241532
  0.9250000        0.9318182
  0.9750000        0.9404375
  1.0250000        0.9356876
  1.0750000        0.9488103
  1.1250000        0.9481883
  1.1750000        0.9502904
  1.2250000        0.9617764
  1.2750000        0.9609996
  1.3250000        0.9599083
  1.3750000        0.9637304
  1.4250000        0.9606244
  1.4750000        0.9693950
  1.5250000        0.9716314
  1.5750000        0.9697743
  1.6250000        0.9732993
  1.6750000        0.9703783
  1.7250000        0.9717288
  1.7750000        0.9760970
  1.8250000        0.9695100
  1.8750000        0.9689396
  1.9250000        0.9765089
  1.9750000        0.9753175
  2.0250000        0.9754512
  2.0750000        0.9717787
  2.1250000        0.9751283
  2.1750000        0.9764454
  2.2250000        0.9792131
  2.2750000        0.9739355
  2.3250000        0.9737419
  2.3750000        0.9727768
  2.4250000        0.9756100
  2.4750000        0.9760261
  2.5250000        0.9737882
  2.5750000        0.9730909
  2.6250000        0.9775114
  2.6750000        0.9733430
  2.7250000        0.9737224
  2.7750000        0.9768383
  2.8250000        0.9733475
  2.8750000        0.9721001
  2.9250000        0.9806358
  2.9750000        0.9774029
  3.0250000        0.9716979
  3.0750000        0.9725476
  3.1250000        0.9724062
  3.1750000        0.9724944
  3.2250000        0.9706948
  3.2750000        0.9683683
  3.3250000        0.9685096
  3.3750000        0.9721407
  3.4250000        0.9685693
  3.4750000        0.9679911
  3.5250000        0.9686817
  3.5750000        0.9596174
  3.6250000        0.9668110
  3.6750000        0.9597846
  3.7250000        0.9541620
  3.7750000        0.9531536
  3.8250000        0.9513358
  3.8750000        0.9466715
  3.9250000        0.9419118
  3.9750000        0.9283857
  4.0250000        0.9223949
  4.0750000        0.9018125
  4.1250000        0.8890128
  4.1750000        0.8801666
  4.2250000        0.8623161
  4.2750000        0.8547549
  4.3250000        0.8397605
  4.3750000        0.8133579
  4.4250000        0.8041715
  4.4750000        0.7744449
  4.5250000        0.7297398
  4.5750000        0.7197549
  4.6250000        0.6773694
  4.6750000        0.6437499
  4.7250000        0.6038025
  4.7750000        0.5722093
  4.8250000        0.5441350
  4.8750000        0.5005936
  4.9250000        0.4548637
  4.9750000        0.4490034
  5.0250000        0.3990610
  5.0750000        0.3452780
  5.1250000        0.3294256
  5.1750000        0.3035715
  5.2250000        0.2597402
  5.2750000        0.2464327
  5.3250000        0.2026726
  5.3750000        0.1972511
  5.4250000        0.1800680
  5.4750000        0.1522320
  5.5250000        0.1389947
  5.5750000        0.1143389
  5.6250000        0.1135074
  5.6750000        0.1020705
  5.7250000        0.0977941
  5.7750000        0.0748275
  5.8250000        0.0753750
  5.8750000        0.0630696
  5.9250000        0.0577712
  5.9750000        0.0568390
  6.0250000        0.0531646
  6.0750000        0.0521484
  6.1250000        0.0429673
  6.1750000        0.0418904
  6.2250000        0.0453216
  6.2750000        0.0384756
  6.3250000        0.0376187
  6.3750000        0.0324226
  6.4250000        0.0251201
  6.4750000        0.0287417
  6.5250000        0.0324264
  6.5750000        0.0256316
  6.6250000        0.0281792
  6.6750000        0.0226945
  6.7250000        0.0261836
  6.7750000        0.0278571
  6.8250000        0.0248424
  6.8750000        0.0279226
  6.9250000        0.0244681
  6.9750000        0.0268895
  7.0250000        0.0266187
  7.0750000        0.0327625
  7.1250000        0.0231399
  7.1750000        0.0316594
  7.2250000        0.0321416
  7.2750000        0.0359086
  7.3250000        0.0306657
  7.3750000        0.0287253
  7.4250000        0.0312276
  7.4750000        0.0274269
  7.5250000        0.0304223
  7.5750000        0.0308665
  7.6250000        0.0357275
  7.6750000        0.0377006
  7.7250000        0.0339806
  7.7750000        0.0363188
  7.8250000        0.0345832
  7.8750000        0.0297384
  7.9250000        0.0301291
  7.9750000        0.0290487
  8.0250000        0.0362731
  8.0750000        0.0319032
  8.1250000        0.0338111
  8.1750000        0.0306681
  8.2250000        0.0369431
  8.2750000        0.0284984
  8.3250000        0.0374449
  8.3750000        0.0363569
  8.4250000        0.0347323
  8.4750000        0.0500000
  8.5250000        0.0463293
  8.5750000        0.0444853
  8.6250000        0.0483871
  8.6750000        0.0496225
  8.7250000        0.0564663
  8.7750000        0.0586331
  8.8250000        0.0687362
  8.8750000        0.0648352
  8.9250000        0.0796394
  8.9750000        0.0892193
  9.0250000        0.0982311
  9.0750000        0.0994087
  9.1250000        0.1243930
  9.1750000        0.1207957
  9.2250000        0.1338989
  9.2750000        0.1514111
  9.3250000        0.1793908
  9.3750000        0.1885561
  9.4250000        0.2251484
  9.4750000        0.2296015
  9.5250000        0.2467681
  9.5750000        0.2815461
  9.6250000        0.3121094
  9.6750000        0.3613805
  9.7250000        0.3816367
  9.7750000        0.4216546
  9.8250000        0.4638933
  9.8750000        0.4802909
  9.9250000        0.5096268
  9.9750000        0.5579067
25.000000,39.000000,4.065443,0.173390,200
  0.0250000        0.6730543
  0.0750000        0.6968256
  0.1250000        0.7247849
  0.1750000        0.7459541
  0.2250000        0.7788606
  0.2750000        0.8077212
  0.3250000        0.8355455
  0.3750000        0.8510556
  0.4250000        0.8715805
  0.4750000        0.8836237
  0.5250000        0.9044174
  0.5750000        0.9167592
  0.6250000        0.9211617
  0.6750000        0.9349567
  0.7250000        0.9496271
  0.7750000        0.9482306
  0.8250000        0.9486447
  0.8750000        0.9524680
  0.9250000        0.9582276
  0.9750000        0.9621431
  1.0250000        0.9680927
  1.0750000        0.9729632
  1.1250000        0.9730628
  1.1750000        0.9698774
  1.2250000        0.9709089
  1.2750000        0.9773058
  1.3250000        0.9791514
  1.3750000        0.9742728
  1.4250000        0.9778272
  1.4750000        0.9776336
  1.5250000        0.9796574
  1.5750000        0.9821366
  1.6250000        0.9803041
  1.6750000        0.9813799
  1.7250000        0.9822595
  1.7750000        0.9849926
  1.8250000        0.9781364
  1.8750000        0.9833097
  1.9250000        0.9822463
  1.9750000        0.9831066
  2.0250000        0.9803264
  2.0750000        0.9831843
  2.1250000        0.9824057
  2.1750000        0.9788757
  2.2250000        0.9781968
  2.2750000        0.9831963
  2.3250000        0.9835887
  2.3750000        0.9830443
  2.4250000        0.9785716
  2.4750000        0.9852148
  2.5250000        0.9771988
  2.5750000        0.9848749
  2.6250000        0.9825344
  2.6750000        0.9828571
  2.7250000        0.9796067
  2.7750000        0.9797795
  2.8250000        0.9809897
  2.8750000        0.9840462
  2.9250000        0.9848259
  2.9750000        0.9848647
  3.0250000        0.9755398
  3.0750000        0.9821746
  3.1250000        0.9754190
  3.1750000        0.9771674
  3.2250000        0.9794372
  3.2750000        0.9755148
  3.3250000        0.9742929
  3.3750000        0.9770528
  3.4250000        0.9753179
  3.4750000        0.9668730
  3.5250000        0.9686824
  3.5750000        0.9671955
  3.6250000        0.9667653
  3.6750000        0.9530298
  3.7250000        0.9441792
  3.7750000        0.9400655
  3.8250000        0.9367664
  3.8750000        0.9329877
  3.9250000        0.9262482
  3.9750000        0.9181287
  4.0250000        0.9066572
  4.0750000        0.8914671
  4.1250000        0.8767740
  4.1750000        0.8644825
  4.2250000        0.8393605
  4.2750000        0.8255239
  4.3250000        0.8093955
  4.3750000        0.7868157
  4.4250000        0.7484663
  4.4750000        0.7382552
  4.5250000        0.7006034
  4.5750000        0.6381753
  4.6250000        0.6447517
  4.6750000        0.6011236
  4.7250000        0.5577236
  4.7750000        0.5193064
  4.8250000        0.4879282
  4.8750000        0.4552441
  4.9250000        0.4165045
  4.9750000        0.3753846
  5.0250000        0.3494114
  5.0750000        0.3211446
  5.1250000        0.2918489
  5.1750000        0.2664577
  5.2250000        0.2318785
  5.2750000        0.2155206
  5.3250000        0.1887850
  5.3750000        0.1757871
  5.4250000        0.1523082
  5.4750000        0.1320542
  5.5250000        0.1160015
  5.5750000        0.1085271
  5.6250000        0.0900334
  5.6750000        0.0828424
  5.7250000        0.0736040
  5.7750000        0.0660973
  5.8250000        0.0608891
  5.8750000        0.0546529
  5.9250000        0.0453014
  5.9750000        0.0412254
  6.0250000        0.0335889
  6.0750000        0.0372263
  6.1250000        0.0384047
  6.1750000        0.0280676
  6.2250000        0.0308418
  6.2750000        0.0300668
  6.3250000        0.0267261
  6.3750000        0.0248425
  6.4250000        0.0178955
  6.4750000        0.0202504
  6.5250000        0.0235005
  6.5750000        0.0226131
  6.6250000        0.0208877
  6.6750000        0.0252655
  6.7250000        0.0204604
  6.7750000        0.0197203
  6.8250000        0.0196970
  6.8750000        0.0253390
  6.9250000        0.0218541
  6.9750000        0.0156807
  7.0250000        0.0190237
  7.0750000        0.0129823
  7.1250000        0.0152395
  7.1750000        0.0164425
  7.2250000        0.0169429
  7.2750000        0.0145493
  7.3250000        0.0178637
  7.3750000        0.0226629
  7.4250000        0.0173160
  7.4750000        0.0188406
  7.5250000        0.0227931
  7.5750000        0.0172724
  7.6250000        0.0124341
  7.6750000        0.0211161
  7.7250000        0.0209328
  7.7750000        0.0190880
  7.8250000        0.0171367
  7.8750000        0.0192857
  7.9250000        0.0198198
  7.9750000        0.0180375
  8.0250000        0.0164057
  8.0750000        0.0171195
  8.1250000        0.0186046
  8.1750000        0.0233406
  8.2250000        0.0240921
  8.2750000        0.0210986
  8.3250000        0.0189624
  8.3750000        0.0235126
  8.4250000        0.0263633
  8.4750000        0.0255156
  8.5250000        0.0227931
  8.5750000        0.0307521
  8.6250000        0.0301599
  8.6750000        0.0273556
  8.7250000        0.0386266
  8.7750000        0.0382932
  8.8250000        0.0446461
  8.8750000        0.0571534
  8.9250000        0.0611940
  8.9750000        0.0689270
  9.0250000        0.0842969
  9.0750000        0.0825420
  9.1250000        0.0951499
  9.1750000        0.1114852
  9.2250000        0.1368043
  9.2750000        0.1465346
  9.3250000        0.1679360
  9.3750000        0.1976699
  9.4250000        0.2326468
  9.4750000        0.2408703
  9.5250000        0.2965251
  9.5750000        0.3264911
  9.6250000        0.3690339
  9.6750000        0.3956889
  9.7250000        0.4330554
  9.7750000        0.4735202
  9.8250000        0.4965093
  9.8750000        0.5498419
  9.9250000        0.5922445
  9.9750000        0.6384730
25.000000,40.000000,4.527171,0.260070,200
  0.0250000        0.4733280
  0.0750000        0.5281490
  0.1250000        0.5604484
  0.1750000        0.6164705
  0.2250000        0.6473831
  0.2750000        0.7049714
  0.3250000        0.7267651
  0.3750000        0.7769517
  0.4250000        0.8030767
  0.4750000        0.8128175
  0.5250000        0.8435142
  0.5750000        0.8724858
  0.6250000        0.8833579
  0.6750000        0.8918818
  0.7250000        0.9104252
  0.7750000        0.9252985
  0.8250000        0.9470693
  0.8750000        0.9456799
  0.9250000        0.9518467
  0.9750000        0.9638337
  1.0250000        0.9654412
  1.0750000        0.9686185
  1.1250000        0.9732949
  1.1750000        0.9829504
  1.2250000        0.9778506
  1.2750000        0.9810428
  1.3250000        0.9892588
  1.3750000        0.9804730
  1.4250000        0.9844486
  1.4750000        0.9867952
  1.5250000        0.9867574
  1.5750000        0.9884808
  1.6250000        0.9892933
  1.6750000        0.9843399
  1.7250000        0.9904201
  1.7750000        0.9883082
  1.8250000        0.9889914
  1.8750000        0.9893506
  1.9250000        0.9926160
  1.9750000        0.9917416
  2.0250000        0.9906476
  2.0750000        0.9901200
  2.1250000        0.9908022
  2.1750000        0.9885780
  2.2250000        0.9923273
  2.2750000        0.9921623
  2.3250000        0.9887190
  2.3750000        0.9931802
  2.4250000        0.9915282
  2.4750000        0.9909846
  2.5250000        0.9923357
  2.5750000        0.9882614
  2.6250000        0.9934355
  2.6750000        0.9905486
  2.7250000        0.9916213
  2.7750000        0.9905792
  2.8250000        0.9909056
  2.8750000        0.9865013
  2.9250000        0.9909323
  2.9750000        0.9895231
  3.0250000        0.9877957
  3.0750000        0.9904829
  3.1250000        0.9878499
  3.1750000        0.9882728
  3.2250000        0.9883930
  3.2750000        0.9878268
  3.3250000        0.9898734
  3.3750000        0.9881930
  3.4250000        0.9912150
  3.4750000        0.9853466
  3.5250000        0.9859933
  3.5750000        0.9871383
  3.6250000        0.9876956
  3.6750000        0.9849784
  3.7250000        0.9812124
  3.7750000        0.9797248
  3.8250000        0.9764663
  3.8750000        0.9777130
  3.9250000        0.9758185
  3.9750000        0.9702423
  4.0250000        0.9686711
  4.0750000        0.9655172
  4.1250000        0.9615385
  4.1750000        0.9489106
  4.2250000        0.9341112
  4.2750000        0.9270180
  4.3250000        0.9285191
  4.3750000        0.9086295
  4.4250000        0.8967292
  4.4750000        0.8769582
  4.5250000        0.8505663
  4.5750000        0.8384826
  4.6250000        0.8178048
  4.6750000        0.7816958
  4.7250000        0.7550616
  4.7750000        0.7279237
  4.8250000        0.6973166
  4.8750000        0.6567590
  4.9250000        0.6000001
  4.9750000        0.5618781
  5.0250000        0.4951192
  5.0750000        0.4579831
  5.1250000        0.4272544
  5.1750000        0.3871627
  5.2250000        0.3335928
  5.2750000        0.3017613
  5.3250000        0.2784861
  5.3750000        0.2287908
  5.4250000        0.2101064
  5.4750000        0.1832700
  5.5250000        0.1541950
  5.5750000        0.1320610
  5.6250000        0.1230366
  5.6750000        0.1002629
  5.7250000        0.0867424
  5.7750000        0.0709932
  5.8250000        0.0694698
  5.8750000        0.0586697
  5.9250000        0.0483451
  5.9750000        0.0433839
  6.0250000        0.0424041
  6.0750000        0.0307860
  6.1250000        0.0334789
  6.1750000        0.0236192
  6.2250000        0.0294226
  6.2750000        0.0243184
  6.3250000        0.0218102
  6.3750000        0.0167700
  6.4250000        0.0147113
  6.4750000        0.0138938
  6.5250000        0.0131766
  6.5750000        0.0151403
  6.6250000        0.0178052
  6.6750000        0.0125403
  6.7250000        0.0172035
  6.7750000        0.0129917
  6.8250000        0.0145773
  6.8750000        0.0098039
  6.9250000        0.0139485
  6.9750000        0.0085470
  7.0250000        0.0123591
  7.0750000        0.0148175
  7.1250000        0.0107209
  7.1750000        0.0133803
  7.2250000        0.0108147
  7.2750000        0.0105700
  7.3250000        0.0119652
  7.3750000        0.0146324
  7.4250000        0.0069802
  7.4750000        0.0159801
  7.5250000        0.0075350
  7.5750000        0.0063672
  7.6250000        0.0110092
  7.6750000        0.0115931
  7.7250000        0.0084034
  7.7750000        0.0086674
  7.8250000        0.0113263
  7.8750000        0.0095029
  7.9250000        0.0119256
  7.9750000        0.0095518
  8.0250000        0.0094011
  8.0750000        0.0137291
  8.1250000        0.0117438
  8.1750000        0.0084466
  8.2250000        0.0107181
  8.2750000        0.0090876
  8.3250000        0.0158451
  8.3750000        0.0147961
  8.4250000        0.0163280
  8.4750000        0.0119739
  8.5250000        0.0117864
  8.5750000        0.0099338
  8.6250000        0.0113887
  8.6750000        0.0137532
  8.7250000        0.0152395
  8.7750000        0.0159017
  8.8250000        0.0212066
  8.8750000        0.0224231
  8.9250000        0.0267988
  8.9750000        0.0242490
  9.0250000        0.0285714
  9.0750000        0.0352423
  9.1250000        0.0392373
  9.1750000        0.0479744
  9.2250000        0.0589346
  9.2750000        0.0719668
  9.3250000        0.0821659
  9.3750000        0.0910774
  9.4250000        0.0983115
  9.4750000        0.1326873
  9.5250000        0.1259992
  9.5750000        0.1491499
  9.6250000        0.1831039
  9.6750000        0.2049117
  9.7250000        0.2401696
  9.7750000        0.2833204
  9.8250000        0.2977883
  9.8750000        0.3470588
  9.9250000        0.3896997
  9.9750000        0.4292454
25.000000,41.000000,4.795389,0.264893,200
  0.0250000        0.3401197
  0.0750000        0.3823412
  0.1250000        0.4249593
  0.1750000        0.4598663
  0.2250000        0.5232512
  0.2750000        0.5604487
  0.3250000        0.6194203
  0.3750000        0.6722355
  0.4250000        0.7085627
  0.4750000        0.7430558
  0.5250000        0.7727976
  0.5750000        0.8031495
  0.6250000        0.8441065
  0.6750000        0.8660991
  0.7250000        0.8878823
  0.7750000        0.9052079
  0.8250000        0.9218632
  0.8750000        0.9298748
  0.9250000        0.9465258
  0.9750000        0.9503130
  1.0250000        0.9542201
  1.0750000        0.9696172
  1.1250000        0.9683244
  1.1750000        0.9764077
  1.2250000        0.9779361
  1.2750000        0.9794594
  1.3250000        0.9825019
  1.3750000        0.9847993
  1.4250000        0.9861162
  1.4750000        0.9900744
  1.5250000        0.9915312
  1.5750000        0.9915811
  1.6250000        0.9888086
  1.6750000        0.9926581
  1.7250000        0.9932070
  1.7750000        0.9912474
  1.8250000        0.9923524
  1.8750000        0.9930403
  1.9250000        0.9902210
  1.9750000        0.9939588
  2.0250000        0.9932021
  2.0750000        0.9918400
  2.1250000        0.9928549
  2.1750000        0.9916789
  2.2250000        0.9915287
  2.2750000        0.9915673
  2.3250000        0.9899964
  2.3750000        0.9916457
  2.4250000        0.9939575
  2.4750000        0.9953354
  2.5250000        0.9907276
  2.5750000        0.9879867
  2.6250000        0.9912757
  2.6750000        0.9891912
  2.7250000        0.9897308
  2.7750000        0.9877743
  2.8250000        0.9918441
  2.8750000        0.9895458
  2.9250000        0.9919117
  2.9750000        0.9912662
  3.0250000        0.9893427
  3.0750000        0.9879388
  3.1250000        0.9909026
  3.1750000        0.9882623
  3.2250000        0.9899063
  3.2750000        0.9874053
  3.3250000        0.9871573
  3.3750000        0.9890265
  3.4250000        0.9881699
  3.4750000        0.9899554
  3.5250000        0.9908224
  3.5750000        0.9901208
  3.6250000        0.9889465
  3.6750000        0.9888475
  3.7250000        0.9884144
  3.7750000        0.9892971
  3.8250000        0.9885265
  3.8750000        0.9846485
  3.9250000        0.9861314
  3.9750000        0.9853203
  4.0250000        0.9824120
  4.0750000        0.9798091
  4.1250000        0.9824498
  4.1750000        0.9801981
  4.2250000        0.9669932
  4.2750000        0.9647188
  4.3250000        0.9557055
  4.3750000        0.9452898
  4.4250000        0.9438118
  4.4750000        0.9337527
  4.5250000        0.9156716
  4.5750000        0.9217356
  4.6250000        0.8854593
  4.6750000        0.8771279
  4.7250000        0.8399698
  4.7750000        0.8270251
  4.8250000        0.7977399
  4.8750000        0.7481280
  4.9250000        0.7538705
  4.9750000        0.7088398
  5.0250000        0.6513106
  5.0750000        0.6082270
  5.1250000        0.5725522
  5.1750000        0.5266459
  5.2250000        0.4907182
  5.2750000        0.4215348
  5.3250000        0.3696722
  5.3750000        0.3376888
  5.4250000        0.2993681
  5.4750000        0.2828606
  5.5250000        0.2322457
  5.5750000        0.2070434
  5.6250000        0.1727375
  5.6750000        0.1583815
  5.7250000        0.1261914
  5.7750000        0.1091802
  5.8250000        0.0897245
  5.8750000        0.0779955
  5.9250000        0.0681818
  5.9750000        0.0570063
  6.0250000        0.0490751
  6.0750000        0.0461927
  6.1250000        0.0338744
  6.1750000        0.0294118
  6.2250000        0.0244526
  6.2750000        0.0282633
  6.3250000        0.0196369
  6.3750000        0.0193813
  6.4250000        0.0148068
  6.4750000        0.0114204
  6.5250000        0.0137139
  6.5750000        0.0104092
  6.6250000        0.0125000
  6.6750000        0.0083183
  6.7250000        0.0080292
  6.7750000        0.0119256
  6.8250000        0.0100287
  6.8750000        0.0128940
  6.9250000        0.0072333
  6.9750000        0.0103534
  7.0250000        0.0095474
  7.0750000        0.0092661
  7.1250000        0.0099448
  7.1750000        0.0105685
  7.2250000        0.0092183
  7.2750000        0.0072359
  7.3250000        0.0093223
  7.3750000        0.0102602
  7.4250000        0.0085046
  7.4750000        0.0081851
  7.5250000        0.0084034
  7.5750000        0.0110269
  7.6250000        0.0106893
  7.6750000        0.0059237
  7.7250000        0.0103704
  7.7750000        0.0115587
  7.8250000        0.0086737
  7.8750000        0.0056540
  7.9250000        0.0046712
  7.9750000        0.0070711
  8.0250000        0.0073298
  8.0750000        0.0060071
  8.1250000        0.0072860
  8.1750000        0.0103571
  8.2250000        0.0075215
  8.2750000        0.0098325
  8.3250000        0.0083303
  8.3750000        0.0044248
  8.4250000        0.0061129
  8.4750000        0.0083523
  8.5250000        0.0082260
  8.5750000        0.0098684
  8.6250000        0.0082143
  8.6750000        0.0094580
  8.7250000        0.0094203
  8.7750000        0.0096670
  8.8250000        0.0136543
  8.8750000        0.0096636
  8.9250000        0.0113387
  8.9750000        0.0113556
  9.0250000        0.0131148
  9.0750000        0.0164671
  9.1250000        0.0211063
  9.1750000        0.0204007
  9.2250000        0.0252747
  9.2750000        0.0341570
  9.3250000        0.0376384
  9.3750000        0.0402904
  9.4250000        0.0507063
  9.4750000        0.0542549
  9.5250000        0.0683070
  9.5750000        0.0755792
  9.6250000        0.0962547
  9.6750000        0.1111523
  9.7250000        0.1454340
  9.7750000        0.1572424
  9.8250000        0.1825710
  9.8750000        0.2251065
  9.9250000        0.2595267
  9.9750000        0.3046485
25.000000,42.000000,5.116826,0.385668,200
  0.0250000        0.4951981
  0.0750000        0.5620621
  0.1250000        0.5987906
  0.1750000        0.6567780
  0.2250000        0.6932858
  0.2750000        0.7426532
  0.3250000        0.7820464
  0.3750000        0.8059057
  0.4250000        0.8371824
  0.4750000        0.8620428
  0.5250000        0.8802283
  0.5750000        0.8999997
  0.6250000        0.9248639
  0.6750000        0.9242256
  0.7250000        0.9344260
  0.7750000        0.9513759
  0.8250000        0.9549711
  0.8750000        0.9663459
  0.9250000        0.9715450
  0.9750000        0.9749815
  1.0250000        0.9723937
  1.0750000        0.9811184
  1.1250000        0.9857142
  1.1750000        0.9836066
  1.2250000        0.9854861
  1.2750000        0.9909089
  1.3250000        0.9888287
  1.3750000        0.9892073
  1.4250000        0.9895397
  1.4750000        0.9879005
  1.5250000        0.9901783
  1.5750000        0.9897345
  1.6250000        0.9903203
  1.6750000        0.9911408
  1.7250000        0.9915937
  1.7750000        0.9920894
  1.8250000        0.9935205
  1.8750000        0.9921595
  1.9250000        0.9929228
  1.9750000        0.9929228
  2.0250000        0.9935484
  2.0750000        0.9938025
  2.1250000        0.9921262
  2.1750000        0.9948644
  2.2250000        0.9932791
  2.2750000        0.9942402
  2.3250000        0.9938272
  2.3750000        0.9929941
  2.4250000        0.9941390
  2.4750000        0.9948644
  2.5250000        0.9931408
  2.5750000        0.9928520
  2.6250000        0.9921343
  2.6750000        0.9943142
  2.7250000        0.9957203
  2.7750000        0.9937413
  2.8250000        0.9921230
  2.8750000        0.9942382
  2.9250000        0.9915749
  2.9750000        0.9921612
  3.0250000        0.9947642
  3.0750000        0.9926496
  3.1250000        0.9927565
  3.1750000        0.9911942
  3.2250000        0.9935989
  3.2750000        0.9909257
  3.3250000        0.9912218
  3.3750000        0.9937749
  3.4250000        0.9911928
  3.4750000        0.9935089
  3.5250000        0.9912474
  3.5750000        0.9919298
  3.6250000        0.9930984
  3.6750000        0.9892780
  3.7250000        0.9927719
  3.7750000        0.9899498
  3.8250000        0.9904493
  3.8750000        0.9898953
  3.9250000        0.9907011
  3.9750000        0.9842780
  4.0250000        0.9847865
  4.0750000        0.9835587
  4.1250000        0.9795993
  4.1750000        0.9708740
  4.2250000        0.9648186
  4.2750000        0.9542505
  4.3250000        0.9568187
  4.3750000        0.9418304
  4.4250000        0.9202386
  4.4750000        0.9064554
  4.5250000        0.8901441
  4.5750000        0.8580130
  4.6250000        0.8386225
  4.6750000        0.8168572
  4.7250000        0.7776931
  4.7750000        0.7244190
  4.8250000        0.6918534
  4.8750000        0.6413958
  4.9250000        0.5928544
  4.9750000        0.5436573
  5.0250000        0.4979804
  5.0750000        0.4399840
  5.1250000        0.3915516
  5.1750000        0.3531539
  5.2250000        0.3427172
  5.2750000        0.2763696
  5.3250000        0.2283070
  5.3750000        0.2045896
  5.4250000        0.1578137
  5.4750000        0.1422018
  5.5250000        0.1058870
  5.5750000        0.1004016
  5.6250000        0.0845438
  5.6750000        0.0749449
  5.7250000        0.0625915
  5.7750000        0.0468635
  5.8250000        0.0423477
  5.8750000        0.0387626
  5.9250000        0.0314788
  5.9750000        0.0244453
  6.0250000        0.0239130
  6.0750000        0.0238795
  6.1250000        0.0173285
  6.1750000        0.0189573
  6.2250000        0.0108202
  6.2750000        0.0102715
  6.3250000        0.0072765
  6.3750000        0.0081693
  6.4250000        0.0117438
  6.4750000        0.0089606
  6.5250000        0.0112191
  6.5750000        0.0062546
  6.6250000        0.0100647
  6.6750000        0.0092758
  6.7250000        0.0056121
  6.7750000        0.0081391
  6.8250000        0.0030098
  6.8750000        0.0059880
  6.9250000        0.0046395
  6.9750000        0.0054526
  7.0250000        0.0067568
  7.0750000        0.0084528
  7.1250000        0.0104204
  7.1750000        0.0065862
  7.2250000        0.0086393
  7.2750000        0.0065383
  7.3250000        0.0049875
  7.3750000        0.0066396
  7.4250000        0.0062740
  7.4750000        0.0072860
  7.5250000        0.0080000
  7.5750000        0.0028149
  7.6250000        0.0025878
  7.6750000        0.0081421
  7.7250000        0.0058415
  7.7750000        0.0047724
  7.8250000        0.0060007
  7.8750000        0.0036430
  7.9250000        0.0032799
  7.9750000        0.0042689
  8.0250000        0.0046881
  8.0750000        0.0043400
  8.1250000        0.0085806
  8.1750000        0.0077913
  8.2250000        0.0058932
  8.2750000        0.0048059
  8.3250000        0.0071582
  8.3750000        0.0049071
  8.4250000        0.0065622
  8.4750000        0.0079797
  8.5250000        0.0039356
  8.5750000        0.0084187
  8.6250000        0.0078825
  8.6750000        0.0088170
  8.7250000        0.0129534
  8.7750000        0.0070423
  8.8250000        0.0099558
  8.8750000        0.0136937
  8.9250000        0.0172098
  8.9750000        0.0143277
  9.0250000        0.0140137
  9.0750000        0.0194876
  9.1250000        0.0273973
  9.1750000        0.0349928
  9.2250000        0.0352856
  9.2750000        0.0404858
  9.3250000        0.0524001
  9.3750000        0.0639127
  9.4250000        0.0777222
  9.4750000        0.1050193
  9.5250000        0.1178877
  9.5750000        0.1306776
  9.6250000        0.1748778
  9.6750000        0.1935606
  9.7250000        0.2075395
  9.7750000        0.2518812
  9.8250000        0.2924980
  9.8750000        0.3535935
  9.9250000        0.4040280
  9.9750000        0.4427171
25.000000,43.000000,5.184609,0.251556,200
  0.0250000        0.5518425
  0.0750000        0.6024723
  0.1250000        0.6502463
  0.1750000        0.7177035
  0.2250000        0.7576602
  0.2750000        0.7553817
  0.3250000        0.8253907
  0.3750000        0.8564182
  0.4250000        0.8781498
  0.4750000        0.9070217
  0.5250000        0.9135938
  0.5750000        0.9429214
  0.6250000        0.9441381
  0.6750000        0.9574388
  0.7250000        0.9669605
  0.7750000        0.9690949
  0.8250000        0.9748407
  0.8750000        0.9768309
  0.9250000        0.9834438
  0.9750000        0.9837955
  1.0250000        0.9871035
  1.0750000        0.9883635
  1.1250000        0.9919057
  1.1750000        0.9948644
  1.2250000        0.9909056
  1.2750000        0.9947129
  1.3250000        0.9937843
  1.3750000        0.9970811
  1.4250000        0.9931383
  1.4750000        0.9966924
  1.5250000        0.9956740
  1.5750000        0.9964362
  1.6250000        0.9981629
  1.6750000        0.9955751
  1.7250000        0.9964106
  1.7750000        0.9943782
  1.8250000        0.9940684
  1.8750000        0.9949822
  1.9250000        0.9967649
  1.9750000        0.9974534
  2.0250000        0.9944260
  2.0750000        0.9952519
  2.1250000        0.9952812
  2.1750000        0.9967356
  2.2250000        0.9945752
  2.2750000        0.9942343
  2.3250000        0.9971911
  2.3750000        0.9966888
  2.4250000        0.9964311
  2.4750000        0.9957506
  2.5250000        0.9963938
  2.5750000        0.9965883
  2.6250000        0.9977622
  2.6750000        0.9964912
  2.7250000        0.9963222
  2.7750000        0.9989703
  2.8250000        0.9949642
  2.8750000        0.9956458
  2.9250000        0.9942072
  2.9750000        0.9970750
  3.0250000        0.9952918
  3.0750000        0.9952935
  3.1250000        0.9971192
  3.1750000        0.9952257
  3.2250000        0.9946639
  3.2750000        0.9963964
  3.3250000        0.9967649
  3.3750000        0.9936709
  3.4250000        0.9945983
  3.4750000        0.9922860
  3.5250000        0.9953303
  3.5750000        0.9940870
  3.6250000        0.9939918
  3.6750000        0.9963194
  3.7250000        0.9902139
  3.7750000        0.9919505
  3.8250000        0.9897126
  3.8750000        0.9854177
  3.9250000        0.9795994
  3.9750000        0.9820401
  4.0250000        0.9789768
  4.0750000        0.9761561
  4.1250000        0.9687272
  4.1750000        0.9642986
  4.2250000        0.9620251
  4.2750000        0.9454270
  4.3250000        0.9421768
  4.3750000        0.9118976
  4.4250000        0.9059643
  4.4750000        0.8997370
  4.5250000        0.8796508
  4.5750000        0.8347555
  4.6250000        0.8199601
  4.6750000        0.7704655
  4.7250000        0.7467660
  4.7750000        0.6954456
  4.8250000        0.6592270
  4.8750000        0.5782735
  4.9250000        0.5523012
  4.9750000        0.4887716
  5.0250000        0.4413956
  5.0750000        0.3752051
  5.1250000        0.3552632
  5.1750000        0.3097165
  5.2250000        0.2483405
  5.2750000        0.2267878
  5.3250000        0.1880015
  5.3750000        0.1647969
  5.4250000        0.1407602
  5.4750000        0.1014880
  5.5250000        0.1005193
  5.5750000        0.0720617
  5.6250000        0.0605946
  5.6750000        0.0492537
  5.7250000        0.0542522
  5.7750000        0.0286449
  5.8250000        0.0288889
  5.8750000        0.0288321
  5.9250000        0.0218438
  5.9750000        0.0139986
  6.0250000        0.0158672
  6.0750000        0.0109812
  6.1250000        0.0135234
  6.1750000        0.0139450
  6.2250000        0.0112974
  6.2750000        0.0099715
  6.3250000        0.0068592
  6.3750000        0.0050798
  6.4250000        0.0062630
  6.4750000        0.0064982
  6.5250000        0.0058716
  6.5750000        0.0072966
  6.6250000        0.0058522
  6.6750000        0.0051151
  6.7250000        0.0039384
  6.7750000        0.0036805
  6.8250000        0.0073892
  6.8750000        0.0083819
  6.9250000        0.0050000
  6.9750000        0.0057492
  7.0250000        0.0047033
  7.0750000        0.0069802
  7.1250000        0.0042463
  7.1750000        0.0040771
  7.2250000        0.0053802
  7.2750000        0.0070292
  7.3250000        0.0061863
  7.3750000        0.0051603
  7.4250000        0.0079723
  7.4750000        0.0051813
  7.5250000        0.0069217
  7.5750000        0.0064011
  7.6250000        0.0049804
  7.6750000        0.0057929
  7.7250000        0.0028551
  7.7750000        0.0040352
  7.8250000        0.0058055
  7.8750000        0.0071327
  7.9250000        0.0050161
  7.9750000        0.0055006
  8.0250000        0.0068991
  8.0750000        0.0064103
  8.1250000        0.0091308
  8.1750000        0.0061129
  8.2250000        0.0070299
  8.2750000        0.0054289
  8.3250000        0.0048726
  8.3750000        0.0067209
  8.4250000        0.0075977
  8.4750000        0.0070292
  8.5250000        0.0071556
  8.5750000        0.0062135
  8.6250000        0.0063943
  8.6750000        0.0078375
  8.7250000        0.0077064
  8.7750000        0.0099220
  8.8250000        0.0089054
  8.8750000        0.0133670
  8.9250000        0.0135039
  8.9750000        0.0170370
  9.0250000        0.0156193
  9.0750000        0.0225342
  9.1250000        0.0265781
  9.1750000        0.0312614
  9.2250000        0.0406296
  9.2750000        0.0475138
  9.3250000        0.0579399
  9.3750000        0.0653789
  9.4250000        0.0767783
  9.4750000        0.1010598
  9.5250000        0.1021672
  9.5750000        0.1397198
  9.6250000        0.1612284
  9.6750000        0.2076237
  9.7250000        0.2401096
  9.7750000        0.2804383
  9.8250000        0.3340292
  9.8750000        0.3888888
  9.9250000        0.4448530
  9.9750000        0.4737501
